1.000000e+00
1.000000e+00
1.000000e+00
1.000000e+00
1.000000e+00
1.000000e+00
1.000000e+00
1.000000e+00
1.000000e+00
1.000000e+00
1.000000e+00
1.000000e+00
1.000000e+00
1.000000e+00
1.000000e+00
1.000000e+00
1.000000e+00
1.000000e+00
1.000000e+00
1.000000e+00
1.000000e+00
1.000000e+00
1.000004e+00
1.000031e+00
1.000173e+00
1.000701e+00
1.002235e+00
1.005851e+00
1.013002e+00
1.025192e+00
1.043577e+00
1.068692e+00
1.100438e+00
1.138234e+00
1.181243e+00
1.228541e+00
1.279237e+00
1.332513e+00
1.387638e+00
1.443954e+00
1.500848e+00
1.557726e+00
1.613977e+00
1.668953e+00
1.721937e+00
1.772135e+00
1.818682e+00
1.860683e+00
1.897297e+00
1.927871e+00
1.952083e+00
1.970031e+00
1.982093e+00
1.988189e+00
1.985277e+00
1.959848e+00
1.872918e+00
1.672190e+00
1.399449e+00
1.186239e+00
1.074334e+00
