1.000000e+00
1.000000e+00
1.000000e+00
1.000000e+00
1.000000e+00
1.000000e+00
1.000000e+00
1.000000e+00
1.000000e+00
1.000000e+00
1.000000e+00
1.000000e+00
1.000000e+00
1.000000e+00
1.000000e+00
1.000000e+00
1.000000e+00
1.000000e+00
1.000000e+00
1.000000e+00
1.000000e+00
1.000069e+00
1.000721e+00
1.003681e+00
1.012305e+00
1.030682e+00
1.061837e+00
1.106608e+00
1.163853e+00
1.231332e+00
1.306486e+00
1.386841e+00
1.470108e+00
1.554113e+00
1.636666e+00
1.715428e+00
1.787861e+00
1.851334e+00
1.903505e+00
1.942950e+00
1.969804e+00
1.985929e+00
1.994316e+00
1.998038e+00
1.999411e+00
1.999690e+00
1.998830e+00
1.993726e+00
1.970708e+00
1.886898e+00
1.677697e+00
1.387199e+00
1.167922e+00
1.060575e+00
1.019368e+00
1.005615e+00
1.001479e+00
1.000352e+00
1.000075e+00
1.000014e+00
1.000002e+00
