1.000000e+00
1.000000e+00
1.000000e+00
1.000000e+00
1.000000e+00
1.000000e+00
1.000000e+00
1.000000e+00
1.000000e+00
1.000000e+00
1.000000e+00
1.000000e+00
1.000000e+00
1.000000e+00
1.000000e+00
1.000000e+00
1.000000e+00
1.000000e+00
1.000000e+00
1.000000e+00
1.000000e+00
1.000001e+00
1.000019e+00
1.000138e+00
1.000666e+00
1.002372e+00
1.006654e+00
1.015402e+00
1.030502e+00
1.053255e+00
1.084085e+00
1.122598e+00
1.167869e+00
1.218742e+00
1.274032e+00
1.332636e+00
1.393558e+00
1.455897e+00
1.518807e+00
1.581455e+00
1.642976e+00
1.702432e+00
1.758785e+00
1.810903e+00
1.857616e+00
1.897835e+00
1.930753e+00
1.956068e+00
1.974134e+00
1.985906e+00
1.992544e+00
1.994374e+00
1.988003e+00
1.957937e+00
1.860827e+00
1.645484e+00
1.369695e+00
1.166411e+00
1.064343e+00
1.022739e+00
1.007535e+00
