1.000000e+00
1.000000e+00
1.000000e+00
1.000000e+00
1.000000e+00
1.000000e+00
1.000000e+00
1.000000e+00
1.000000e+00
1.000000e+00
1.000000e+00
1.000000e+00
1.000000e+00
1.000000e+00
1.000000e+00
1.000000e+00
1.000000e+00
1.000000e+00
1.000000e+00
1.000000e+00
1.000000e+00
1.000002e+00
1.000024e+00
1.000175e+00
1.000829e+00
1.002888e+00
1.007923e+00
1.017956e+00
1.034880e+00
1.059879e+00
1.093189e+00
1.134238e+00
1.181976e+00
1.235166e+00
1.292587e+00
1.353109e+00
1.415717e+00
1.479481e+00
1.543516e+00
1.606930e+00
1.668779e+00
1.728027e+00
1.783534e+00
1.834079e+00
1.878456e+00
1.915645e+00
1.945053e+00
1.966723e+00
1.981408e+00
1.990360e+00
1.994716e+00
1.994035e+00
1.982079e+00
1.935309e+00
1.799894e+00
1.548001e+00
1.285277e+00
1.120176e+00
1.044608e+00
1.015300e+00
1.004930e+00
