1.000000e+00
1.000000e+00
1.000000e+00
1.000000e+00
1.000000e+00
1.000000e+00
1.000000e+00
1.000000e+00
1.000000e+00
1.000000e+00
1.000000e+00
1.000000e+00
1.000000e+00
1.000000e+00
1.000000e+00
1.000000e+00
1.000000e+00
1.000000e+00
1.000000e+00
1.000000e+00
1.000000e+00
1.000001e+00
1.000008e+00
1.000066e+00
1.000341e+00
1.001299e+00
1.003891e+00
1.009589e+00
1.020118e+00
1.036988e+00
1.061074e+00
1.092486e+00
1.130710e+00
1.174853e+00
1.223882e+00
1.276772e+00
1.332575e+00
1.390443e+00
1.449609e+00
1.509355e+00
1.568981e+00
1.627767e+00
1.684933e+00
1.739621e+00
1.790886e+00
1.837714e+00
1.879103e+00
1.914194e+00
1.942444e+00
1.963800e+00
1.978740e+00
1.988030e+00
1.991835e+00
1.987000e+00
1.959089e+00
1.867004e+00
1.658929e+00
1.384531e+00
1.176242e+00
1.069289e+00
1.024929e+00
