1.000000e+00
1.000000e+00
1.000000e+00
1.000000e+00
1.000000e+00
1.000000e+00
1.000000e+00
1.000000e+00
1.000000e+00
1.000000e+00
1.000000e+00
1.000000e+00
1.000000e+00
1.000000e+00
1.000000e+00
1.000000e+00
1.000000e+00
1.000000e+00
1.000000e+00
1.000000e+00
1.000000e+00
1.000012e+00
1.000153e+00
1.000929e+00
1.003690e+00
1.010818e+00
1.025199e+00
1.049183e+00
1.083784e+00
1.128623e+00
1.182382e+00
1.243338e+00
1.309724e+00
1.379895e+00
1.452349e+00
1.525683e+00
1.598508e+00
1.669372e+00
1.736690e+00
1.798734e+00
1.853716e+00
1.900006e+00
1.936499e+00
1.963012e+00
1.980482e+00
1.990771e+00
1.996096e+00
1.998325e+00
1.998153e+00
1.993143e+00
1.971084e+00
1.893752e+00
1.700016e+00
1.418055e+00
1.191000e+00
1.072888e+00
1.024896e+00
1.007833e+00
1.002284e+00
1.000616e+00
1.000153e+00
