1.000000e+00
1.000000e+00
1.000000e+00
1.000000e+00
1.000000e+00
1.000000e+00
1.000000e+00
1.000000e+00
1.000000e+00
1.000000e+00
1.000000e+00
1.000000e+00
1.000000e+00
1.000000e+00
1.000000e+00
1.000000e+00
1.000000e+00
1.000000e+00
1.000000e+00
1.000000e+00
1.000000e+00
1.000001e+00
1.000014e+00
1.000108e+00
1.000534e+00
1.001944e+00
1.005576e+00
1.013182e+00
1.026612e+00
1.047264e+00
1.075730e+00
1.111789e+00
1.154652e+00
1.203242e+00
1.256421e+00
1.313111e+00
1.372333e+00
1.433207e+00
1.494920e+00
1.556686e+00
1.617707e+00
1.677127e+00
1.734006e+00
1.787308e+00
1.835922e+00
1.878752e+00
1.914864e+00
1.943688e+00
1.965218e+00
1.980061e+00
1.989237e+00
1.993462e+00
1.991170e+00
1.972654e+00
1.906004e+00
1.734070e+00
1.464131e+00
1.225689e+00
1.091502e+00
1.033377e+00
1.011365e+00
