1.000000e+00
1.000000e+00
1.000000e+00
1.000000e+00
1.000000e+00
1.000000e+00
1.000000e+00
1.000000e+00
1.000000e+00
1.000000e+00
1.000000e+00
1.000000e+00
1.000000e+00
1.000000e+00
1.000000e+00
1.000000e+00
1.000000e+00
1.000000e+00
1.000000e+00
1.000000e+00
1.000000e+00
1.000688e+00
1.005403e+00
1.020846e+00
1.053867e+00
1.107481e+00
1.180220e+00
1.268046e+00
1.366200e+00
1.470035e+00
1.575077e+00
1.676764e+00
1.770215e+00
1.850393e+00
1.913002e+00
1.956090e+00
1.981330e+00
1.993510e+00
1.998214e+00
1.999627e+00
1.999944e+00
1.999994e+00
1.999977e+00
1.999711e+00
1.997557e+00
1.984622e+00
1.925658e+00
1.744144e+00
1.442305e+00
1.190167e+00
1.064797e+00
1.018788e+00
1.004744e+00
1.001042e+00
1.000197e+00
1.000032e+00
1.000004e+00
1.000000e+00
1.000000e+00
1.000000e+00
1.000000e+00
