1.000000e+00
1.000000e+00
1.000000e+00
1.000000e+00
1.000000e+00
1.000000e+00
1.000000e+00
1.000000e+00
1.000000e+00
1.000000e+00
1.000000e+00
1.000000e+00
1.000000e+00
1.000000e+00
1.000000e+00
1.000000e+00
1.000000e+00
1.000000e+00
1.000000e+00
1.000000e+00
1.000000e+00
1.000000e+00
1.000000e+00
1.000003e+00
1.000021e+00
1.000102e+00
1.000385e+00
1.001193e+00
1.003124e+00
1.007078e+00
1.014148e+00
1.025397e+00
1.041615e+00
1.063173e+00
1.090014e+00
1.121752e+00
1.157806e+00
1.197519e+00
1.240238e+00
1.285355e+00
1.332325e+00
1.380665e+00
1.429939e+00
1.479746e+00
1.529702e+00
1.579423e+00
1.628508e+00
1.676523e+00
1.722985e+00
1.767359e+00
1.809054e+00
1.847443e+00
1.881898e+00
1.911849e+00
1.936837e+00
1.956468e+00
1.969949e+00
1.974213e+00
1.957815e+00
1.887280e+00
1.709730e+00
