1.000000e+00
1.000000e+00
1.000000e+00
1.000000e+00
1.000000e+00
1.000000e+00
1.000000e+00
1.000000e+00
1.000000e+00
1.000000e+00
1.000000e+00
1.000000e+00
1.000000e+00
1.000000e+00
1.000000e+00
1.000000e+00
1.000000e+00
1.000000e+00
1.000000e+00
1.000000e+00
1.000000e+00
1.003884e+00
1.023203e+00
1.070135e+00
1.148156e+00
1.252272e+00
1.373964e+00
1.504215e+00
1.634025e+00
1.753961e+00
1.854314e+00
1.927280e+00
1.970946e+00
1.991234e+00
1.998142e+00
1.999754e+00
1.999985e+00
2.000000e+00
2.000000e+00
2.000000e+00
2.000000e+00
1.999944e+00
1.998889e+00
1.989145e+00
1.932563e+00
1.736788e+00
1.410491e+00
1.158562e+00
1.046899e+00
1.011292e+00
1.002231e+00
1.000356e+00
1.000045e+00
1.000004e+00
1.000000e+00
1.000000e+00
1.000000e+00
1.000000e+00
1.000000e+00
1.000000e+00
1.000000e+00
