1.000000e+00
1.000000e+00
1.000000e+00
1.000000e+00
1.000000e+00
1.000000e+00
1.000000e+00
1.000000e+00
1.000000e+00
1.000000e+00
1.000000e+00
1.000000e+00
1.000000e+00
1.000000e+00
1.000000e+00
1.000000e+00
1.000000e+00
1.000000e+00
1.000000e+00
1.000000e+00
1.000000e+00
1.000039e+00
1.000431e+00
1.002341e+00
1.008308e+00
1.021888e+00
1.046292e+00
1.083100e+00
1.132003e+00
1.191383e+00
1.259063e+00
1.332806e+00
1.410526e+00
1.490296e+00
1.570264e+00
1.648538e+00
1.723082e+00
1.791680e+00
1.852038e+00
1.902094e+00
1.940541e+00
1.967369e+00
1.984059e+00
1.993163e+00
1.997453e+00
1.999138e+00
1.999405e+00
1.997762e+00
1.989095e+00
1.953218e+00
1.836496e+00
1.591169e+00
1.310790e+00
1.127946e+00
1.045103e+00
1.014319e+00
1.004158e+00
1.001104e+00
1.000267e+00
1.000058e+00
1.000011e+00
