1.000000e+00
1.000000e+00
1.000000e+00
1.000000e+00
1.000000e+00
1.000000e+00
1.000000e+00
1.000000e+00
1.000000e+00
1.000000e+00
1.000000e+00
1.000000e+00
1.000000e+00
1.000000e+00
1.000000e+00
1.000000e+00
1.000000e+00
1.000000e+00
1.000000e+00
1.000000e+00
1.000000e+00
1.001224e+00
1.008831e+00
1.031495e+00
1.076092e+00
1.143811e+00
1.231114e+00
1.332492e+00
1.442193e+00
1.554656e+00
1.664281e+00
1.765112e+00
1.851008e+00
1.916817e+00
1.960489e+00
1.984596e+00
1.995252e+00
1.998893e+00
1.999817e+00
1.999981e+00
1.999999e+00
1.999997e+00
1.999917e+00
1.999015e+00
1.992323e+00
1.956212e+00
1.821393e+00
1.538189e+00
1.248909e+00
1.087491e+00
1.025460e+00
1.006341e+00
1.001352e+00
1.000244e+00
1.000037e+00
1.000004e+00
1.000000e+00
1.000000e+00
1.000000e+00
1.000000e+00
1.000000e+00
