1.000000e+00
1.000000e+00
1.000000e+00
1.000000e+00
1.000000e+00
1.000000e+00
1.000000e+00
1.000000e+00
1.000000e+00
1.000000e+00
1.000000e+00
1.000000e+00
1.000000e+00
1.000000e+00
1.000000e+00
1.000000e+00
1.000000e+00
1.000000e+00
1.000000e+00
1.000000e+00
1.000000e+00
1.000290e+00
1.002561e+00
1.011046e+00
1.031529e+00
1.068364e+00
1.122528e+00
1.192066e+00
1.273579e+00
1.363376e+00
1.457934e+00
1.553903e+00
1.647912e+00
1.736369e+00
1.815437e+00
1.881396e+00
1.931541e+00
1.965331e+00
1.984954e+00
1.994531e+00
1.998374e+00
1.999615e+00
1.999927e+00
1.999946e+00
1.999576e+00
1.997023e+00
1.983310e+00
1.924892e+00
1.750368e+00
1.457660e+00
1.204546e+00
1.073111e+00
1.022510e+00
1.006139e+00
1.001486e+00
1.000317e+00
1.000059e+00
1.000009e+00
1.000001e+00
1.000000e+00
1.000000e+00
