1.000000e+00
1.000000e+00
1.000000e+00
1.000000e+00
1.000000e+00
1.000000e+00
1.000000e+00
1.000000e+00
1.000000e+00
1.000000e+00
1.000000e+00
1.000000e+00
1.000000e+00
1.000000e+00
1.000000e+00
1.000000e+00
1.000000e+00
1.000000e+00
1.000000e+00
1.000000e+00
1.000000e+00
1.000092e+00
1.000931e+00
1.004603e+00
1.014924e+00
1.036192e+00
1.071217e+00
1.120377e+00
1.182090e+00
1.253814e+00
1.332806e+00
1.416467e+00
1.502374e+00
1.588183e+00
1.671468e+00
1.749606e+00
1.819792e+00
1.879286e+00
1.925996e+00
1.959227e+00
1.980174e+00
1.991637e+00
1.996988e+00
1.999086e+00
1.999735e+00
1.999645e+00
1.998016e+00
1.989480e+00
1.952801e+00
1.831250e+00
1.577686e+00
1.295909e+00
1.118257e+00
1.040301e+00
1.012275e+00
1.003385e+00
1.000843e+00
1.000188e+00
1.000038e+00
1.000007e+00
1.000001e+00
