1.000000e+00
1.000000e+00
1.000000e+00
1.000000e+00
1.000000e+00
1.000000e+00
1.000000e+00
1.000000e+00
1.000000e+00
1.000000e+00
1.000000e+00
1.000000e+00
1.000000e+00
1.000000e+00
1.000000e+00
1.000000e+00
1.000000e+00
1.000000e+00
1.000000e+00
1.000000e+00
1.000000e+00
1.000005e+00
1.000070e+00
1.000458e+00
1.001967e+00
1.006222e+00
1.015566e+00
1.032392e+00
1.058315e+00
1.093765e+00
1.138115e+00
1.190103e+00
1.248230e+00
1.311008e+00
1.377067e+00
1.445167e+00
1.514150e+00
1.582884e+00
1.650194e+00
1.714807e+00
1.775321e+00
1.830236e+00
1.878073e+00
1.917609e+00
1.948194e+00
1.970024e+00
1.984202e+00
1.992449e+00
1.996528e+00
1.997331e+00
1.992813e+00
1.971624e+00
1.897727e+00
1.711376e+00
1.433410e+00
1.202488e+00
1.079036e+00
1.027688e+00
1.008984e+00
1.002721e+00
1.000768e+00
