1.000000e+00
1.000000e+00
1.000000e+00
1.000000e+00
1.000000e+00
1.000000e+00
1.000000e+00
1.000000e+00
1.000000e+00
1.000000e+00
1.000000e+00
1.000000e+00
1.000000e+00
1.000000e+00
1.000000e+00
1.000000e+00
1.000000e+00
1.000000e+00
1.000000e+00
1.000000e+00
1.000000e+00
1.000000e+00
1.000000e+00
1.000003e+00
1.000017e+00
1.000082e+00
1.000314e+00
1.000990e+00
1.002640e+00
1.006082e+00
1.012355e+00
1.022513e+00
1.037392e+00
1.057443e+00
1.082700e+00
1.112851e+00
1.147370e+00
1.185630e+00
1.226993e+00
1.270857e+00
1.316680e+00
1.363980e+00
1.412324e+00
1.461320e+00
1.510597e+00
1.559790e+00
1.608524e+00
1.656398e+00
1.702972e+00
1.747753e+00
1.790197e+00
1.829713e+00
1.865688e+00
1.897533e+00
1.924737e+00
1.946866e+00
1.963309e+00
1.972108e+00
1.965841e+00
1.920560e+00
1.785621e+00
