1.000000e+00
1.000000e+00
1.000000e+00
1.000000e+00
1.000000e+00
1.000000e+00
1.000000e+00
1.000000e+00
1.000000e+00
1.000000e+00
1.000000e+00
1.000000e+00
1.000000e+00
1.000000e+00
1.000000e+00
1.000000e+00
1.000000e+00
1.000000e+00
1.000000e+00
1.000000e+00
1.000000e+00
1.001634e+00
1.011266e+00
1.038589e+00
1.090142e+00
1.165889e+00
1.261149e+00
1.369642e+00
1.485033e+00
1.601127e+00
1.711513e+00
1.809382e+00
1.888227e+00
1.943846e+00
1.976749e+00
1.992383e+00
1.998115e+00
1.999670e+00
1.999964e+00
1.999998e+00
2.000000e+00
1.999993e+00
1.999840e+00
1.998192e+00
1.986532e+00
1.927999e+00
1.739369e+00
1.426655e+00
1.174982e+00
1.056104e+00
1.015039e+00
1.003428e+00
1.000660e+00
1.000105e+00
1.000014e+00
1.000001e+00
1.000000e+00
1.000000e+00
1.000000e+00
1.000000e+00
1.000000e+00
