1.000000e+00
1.000000e+00
1.000000e+00
1.000000e+00
1.000000e+00
1.000000e+00
1.000000e+00
1.000000e+00
1.000000e+00
1.000000e+00
1.000000e+00
1.000000e+00
1.000000e+00
1.000000e+00
1.000000e+00
1.000000e+00
1.000000e+00
1.000000e+00
1.000000e+00
1.000000e+00
1.000000e+00
1.000000e+00
1.000001e+00
1.000012e+00
1.000069e+00
1.000301e+00
1.001040e+00
1.002941e+00
1.007043e+00
1.014640e+00
1.026992e+00
1.045017e+00
1.069104e+00
1.099121e+00
1.134554e+00
1.174680e+00
1.218709e+00
1.265872e+00
1.315467e+00
1.366867e+00
1.419508e+00
1.472876e+00
1.526483e+00
1.579842e+00
1.632444e+00
1.683738e+00
1.733116e+00
1.779900e+00
1.823353e+00
1.862714e+00
1.897263e+00
1.926421e+00
1.949851e+00
1.967464e+00
1.979081e+00
1.982984e+00
1.971100e+00
1.916717e+00
1.766570e+00
1.510168e+00
1.261634e+00
