1.000000e+00
1.000000e+00
1.000000e+00
1.000000e+00
1.000000e+00
1.000000e+00
1.000000e+00
1.000000e+00
1.000000e+00
1.000000e+00
1.000000e+00
1.000000e+00
1.000000e+00
1.000000e+00
1.000000e+00
1.000000e+00
1.000000e+00
1.000000e+00
1.000000e+00
1.000000e+00
1.000000e+00
1.000007e+00
1.000090e+00
1.000581e+00
1.002430e+00
1.007498e+00
1.018322e+00
1.037318e+00
1.065943e+00
1.104376e+00
1.151758e+00
1.206668e+00
1.267509e+00
1.332742e+00
1.400960e+00
1.470876e+00
1.541276e+00
1.610940e+00
1.678578e+00
1.742779e+00
1.802000e+00
1.854645e+00
1.899253e+00
1.934806e+00
1.961070e+00
1.978791e+00
1.989557e+00
1.995328e+00
1.997726e+00
1.996937e+00
1.988735e+00
1.955261e+00
1.848306e+00
1.618332e+00
1.340229e+00
1.147104e+00
1.054663e+00
1.018473e+00
1.005797e+00
1.001694e+00
1.000460e+00
