1.000000e+00
1.000000e+00
1.000000e+00
1.000000e+00
1.000000e+00
1.000000e+00
1.000000e+00
1.000000e+00
1.000000e+00
1.000000e+00
1.000000e+00
1.000000e+00
1.000000e+00
1.000000e+00
1.000000e+00
1.000000e+00
1.000000e+00
1.000000e+00
1.000000e+00
1.000000e+00
1.000000e+00
1.016644e+00
1.075744e+00
1.184350e+00
1.330564e+00
1.496192e+00
1.661935e+00
1.807384e+00
1.913531e+00
1.972396e+00
1.994575e+00
1.999512e+00
2.000000e+00
2.000000e+00
2.000000e+00
2.000000e+00
2.000000e+00
2.000000e+00
2.000000e+00
2.000000e+00
2.000000e+00
1.998214e+00
1.974094e+00
1.835401e+00
1.501818e+00
1.190408e+00
1.050094e+00
1.009770e+00
1.001398e+00
1.000138e+00
1.000008e+00
1.000000e+00
1.000000e+00
1.000000e+00
1.000000e+00
1.000000e+00
1.000000e+00
1.000000e+00
1.000000e+00
1.000000e+00
1.000000e+00
