1.000000e+00
1.000000e+00
1.000000e+00
1.000000e+00
1.000000e+00
1.000000e+00
1.000000e+00
1.000000e+00
1.000000e+00
1.000000e+00
1.000000e+00
1.000000e+00
1.000000e+00
1.000000e+00
1.000000e+00
1.000000e+00
1.000000e+00
1.000000e+00
1.000000e+00
1.000000e+00
1.000000e+00
1.000000e+00
1.000006e+00
1.000052e+00
1.000272e+00
1.001060e+00
1.003241e+00
1.008151e+00
1.017433e+00
1.032615e+00
1.054685e+00
1.083907e+00
1.119905e+00
1.161888e+00
1.208881e+00
1.259890e+00
1.313985e+00
1.370328e+00
1.428167e+00
1.486810e+00
1.545593e+00
1.603844e+00
1.660852e+00
1.715837e+00
1.767934e+00
1.816200e+00
1.859659e+00
1.897401e+00
1.928725e+00
1.953315e+00
1.971349e+00
1.983412e+00
1.989940e+00
1.989402e+00
1.972759e+00
1.909985e+00
1.745224e+00
1.479509e+00
1.237492e+00
1.097880e+00
1.036296e+00
