1.000000e+00
1.000000e+00
1.000000e+00
1.000000e+00
1.000000e+00
1.000000e+00
1.000000e+00
1.000000e+00
1.000000e+00
1.000000e+00
1.000000e+00
1.000000e+00
1.000000e+00
1.000000e+00
1.000000e+00
1.000000e+00
1.000000e+00
1.000000e+00
1.000000e+00
1.000000e+00
1.000000e+00
1.075628e+00
1.251628e+00
1.487386e+00
1.725308e+00
1.903110e+00
1.984375e+00
2.000000e+00
2.000000e+00
2.000000e+00
2.000000e+00
2.000000e+00
2.000000e+00
2.000000e+00
2.000000e+00
2.000000e+00
2.000000e+00
2.000000e+00
2.000000e+00
2.000000e+00
2.000000e+00
1.945798e+00
1.636883e+00
1.226768e+00
1.044728e+00
1.004980e+00
1.000244e+00
1.000000e+00
1.000000e+00
1.000000e+00
1.000000e+00
1.000000e+00
1.000000e+00
1.000000e+00
1.000000e+00
1.000000e+00
1.000000e+00
1.000000e+00
1.000000e+00
1.000000e+00
1.000000e+00
