1.000000e+00
1.000000e+00
1.000000e+00
1.000000e+00
1.000000e+00
1.000000e+00
1.000000e+00
1.000000e+00
1.000000e+00
1.000000e+00
1.000000e+00
1.000000e+00
1.000000e+00
1.000000e+00
1.000000e+00
1.000000e+00
1.000000e+00
1.000000e+00
1.000000e+00
1.000000e+00
1.000000e+00
1.000009e+00
1.000118e+00
1.000735e+00
1.002998e+00
1.009016e+00
1.021513e+00
1.042892e+00
1.074409e+00
1.115971e+00
1.166491e+00
1.224391e+00
1.287987e+00
1.355688e+00
1.426042e+00
1.497712e+00
1.569405e+00
1.639797e+00
1.707462e+00
1.770834e+00
1.828236e+00
1.878018e+00
1.918832e+00
1.950001e+00
1.971832e+00
1.985650e+00
1.993439e+00
1.997212e+00
1.998239e+00
1.995640e+00
1.981954e+00
1.930364e+00
1.782355e+00
1.518014e+00
1.258606e+00
1.104568e+00
1.037192e+00
1.012132e+00
1.003674e+00
1.001033e+00
1.000268e+00
