1.000000e+00
1.000000e+00
1.000000e+00
1.000000e+00
1.000000e+00
1.000000e+00
1.000000e+00
1.000000e+00
1.000000e+00
1.000000e+00
1.000000e+00
1.000000e+00
1.000000e+00
1.000000e+00
1.000000e+00
1.000000e+00
1.000000e+00
1.000000e+00
1.000000e+00
1.000000e+00
1.000000e+00
1.000000e+00
1.000005e+00
1.000040e+00
1.000217e+00
1.000863e+00
1.002694e+00
1.006913e+00
1.015072e+00
1.028696e+00
1.048865e+00
1.075988e+00
1.109826e+00
1.149693e+00
1.194679e+00
1.243823e+00
1.296215e+00
1.351026e+00
1.407516e+00
1.465013e+00
1.522880e+00
1.580488e+00
1.637182e+00
1.692251e+00
1.744908e+00
1.794284e+00
1.839454e+00
1.879498e+00
1.913621e+00
1.941307e+00
1.962462e+00
1.977431e+00
1.986693e+00
1.989670e+00
1.980967e+00
1.939959e+00
1.817110e+00
1.577791e+00
1.312365e+00
1.136199e+00
1.052251e+00
