1.000000e+00
1.000000e+00
1.000000e+00
1.000000e+00
1.000000e+00
1.000000e+00
1.000000e+00
1.000000e+00
1.000000e+00
1.000000e+00
1.000000e+00
1.000000e+00
1.000000e+00
1.000000e+00
1.000000e+00
1.000000e+00
1.000000e+00
1.000000e+00
1.000000e+00
1.000000e+00
1.000000e+00
1.000000e+00
1.000002e+00
1.000019e+00
1.000109e+00
1.000461e+00
1.001530e+00
1.004165e+00
1.009611e+00
1.019288e+00
1.034440e+00
1.055822e+00
1.083592e+00
1.117395e+00
1.156546e+00
1.200213e+00
1.247549e+00
1.297758e+00
1.350125e+00
1.404011e+00
1.458834e+00
1.514049e+00
1.569120e+00
1.623492e+00
1.676567e+00
1.727687e+00
1.776118e+00
1.821065e+00
1.861702e+00
1.897254e+00
1.927106e+00
1.950932e+00
1.968743e+00
1.980671e+00
1.985946e+00
1.979415e+00
1.941697e+00
1.825258e+00
1.592498e+00
1.326124e+00
1.144446e+00
