1.000000e+00
1.000000e+00
1.000000e+00
1.000000e+00
1.000000e+00
1.000000e+00
1.000000e+00
1.000000e+00
1.000000e+00
1.000000e+00
1.000000e+00
1.000000e+00
1.000000e+00
1.000000e+00
1.000000e+00
1.000000e+00
1.000000e+00
1.000000e+00
1.000000e+00
1.000000e+00
1.000000e+00
1.000516e+00
1.004218e+00
1.016905e+00
1.045167e+00
1.092637e+00
1.158758e+00
1.240204e+00
1.332676e+00
1.431875e+00
1.533715e+00
1.634138e+00
1.728858e+00
1.813303e+00
1.883059e+00
1.935019e+00
1.968827e+00
1.987440e+00
1.995864e+00
1.998921e+00
1.999786e+00
1.999969e+00
1.999986e+00
1.999844e+00
1.998633e+00
1.991040e+00
1.954044e+00
1.823291e+00
1.551141e+00
1.265188e+00
1.098170e+00
1.030506e+00
1.008272e+00
1.001968e+00
1.000408e+00
1.000073e+00
1.000011e+00
1.000001e+00
1.000000e+00
1.000000e+00
1.000000e+00
