1.000000e+00
1.000000e+00
1.000000e+00
1.000000e+00
1.000000e+00
1.000000e+00
1.000000e+00
1.000000e+00
1.000000e+00
1.000000e+00
1.000000e+00
1.000000e+00
1.000000e+00
1.000000e+00
1.000000e+00
1.000000e+00
1.000000e+00
1.000000e+00
1.000000e+00
1.000000e+00
1.000000e+00
1.000002e+00
1.000032e+00
1.000223e+00
1.001032e+00
1.003509e+00
1.009412e+00
1.020883e+00
1.039797e+00
1.067187e+00
1.103089e+00
1.146757e+00
1.197016e+00
1.252559e+00
1.312127e+00
1.374565e+00
1.438835e+00
1.503972e+00
1.569039e+00
1.633073e+00
1.695036e+00
1.753786e+00
1.808073e+00
1.856606e+00
1.898189e+00
1.931953e+00
1.957609e+00
1.975618e+00
1.987125e+00
1.993574e+00
1.995854e+00
1.992229e+00
1.972207e+00
1.901862e+00
1.722755e+00
1.448764e+00
1.214034e+00
1.085230e+00
1.030511e+00
1.010161e+00
1.003178e+00
