1.000000e+00
1.000000e+00
1.000000e+00
1.000000e+00
1.000000e+00
1.000000e+00
1.000000e+00
1.000000e+00
1.000000e+00
1.000000e+00
1.000000e+00
1.000000e+00
1.000000e+00
1.000000e+00
1.000000e+00
1.000000e+00
1.000000e+00
1.000000e+00
1.000000e+00
1.000000e+00
1.000000e+00
1.000000e+00
1.000001e+00
1.000009e+00
1.000054e+00
1.000243e+00
1.000855e+00
1.002464e+00
1.006011e+00
1.012713e+00
1.023821e+00
1.040308e+00
1.062666e+00
1.090873e+00
1.124504e+00
1.162896e+00
1.205294e+00
1.250946e+00
1.299157e+00
1.349303e+00
1.400827e+00
1.453225e+00
1.506026e+00
1.558767e+00
1.610976e+00
1.662147e+00
1.711722e+00
1.759082e+00
1.803546e+00
1.844384e+00
1.880876e+00
1.912378e+00
1.938430e+00
1.958800e+00
1.973333e+00
1.981049e+00
1.976956e+00
1.942776e+00
1.832881e+00
1.606971e+00
1.340024e+00
