1.000000e+00
1.000000e+00
1.000000e+00
1.000000e+00
1.000000e+00
1.000000e+00
1.000000e+00
1.000000e+00
1.000000e+00
1.000000e+00
1.000000e+00
1.000000e+00
1.000000e+00
1.000000e+00
1.000000e+00
1.000000e+00
1.000000e+00
1.000000e+00
1.000000e+00
1.000000e+00
1.000000e+00
1.012414e+00
1.059850e+00
1.152193e+00
1.281927e+00
1.434239e+00
1.593071e+00
1.741663e+00
1.862752e+00
1.943370e+00
1.983516e+00
1.997044e+00
1.999756e+00
2.000000e+00
2.000000e+00
2.000000e+00
2.000000e+00
2.000000e+00
2.000000e+00
2.000000e+00
2.000000e+00
1.999106e+00
1.985998e+00
1.899041e+00
1.627063e+00
1.283085e+00
1.086930e+00
1.019950e+00
1.003494e+00
1.000453e+00
1.000041e+00
1.000002e+00
1.000000e+00
1.000000e+00
1.000000e+00
1.000000e+00
1.000000e+00
1.000000e+00
1.000000e+00
1.000000e+00
1.000000e+00
