1.000000e+00
1.000000e+00
1.000000e+00
1.000000e+00
1.000000e+00
1.000000e+00
1.000000e+00
1.000000e+00
1.000000e+00
1.000000e+00
1.000000e+00
1.000000e+00
1.000000e+00
1.000000e+00
1.000000e+00
1.000000e+00
1.000000e+00
1.000000e+00
1.000000e+00
1.000000e+00
1.000000e+00
1.000122e+00
1.001201e+00
1.005746e+00
1.018057e+00
1.042585e+00
1.081831e+00
1.135660e+00
1.202037e+00
1.278127e+00
1.361006e+00
1.447932e+00
1.536324e+00
1.623615e+00
1.707095e+00
1.783824e+00
1.850764e+00
1.905228e+00
1.945665e+00
1.972419e+00
1.987835e+00
1.995420e+00
1.998554e+00
1.999619e+00
1.999851e+00
1.999439e+00
1.996599e+00
1.982485e+00
1.925255e+00
1.757571e+00
1.472848e+00
1.218406e+00
1.081161e+00
1.026201e+00
1.007586e+00
1.001980e+00
1.000464e+00
1.000097e+00
1.000018e+00
1.000003e+00
1.000000e+00
