1.000000e+00
1.000000e+00
1.000000e+00
1.000000e+00
1.000000e+00
1.000000e+00
1.000000e+00
1.000000e+00
1.000000e+00
1.000000e+00
1.000000e+00
1.000000e+00
1.000000e+00
1.000000e+00
1.000000e+00
1.000000e+00
1.000000e+00
1.000000e+00
1.000000e+00
1.000000e+00
1.000000e+00
1.000001e+00
1.000011e+00
1.000084e+00
1.000427e+00
1.001591e+00
1.004663e+00
1.011255e+00
1.023165e+00
1.041857e+00
1.068074e+00
1.101767e+00
1.142279e+00
1.188625e+00
1.239717e+00
1.294501e+00
1.352015e+00
1.411396e+00
1.471856e+00
1.532648e+00
1.593028e+00
1.652213e+00
1.709349e+00
1.763491e+00
1.813609e+00
1.858636e+00
1.897577e+00
1.929682e+00
1.954640e+00
1.972714e+00
1.984674e+00
1.991356e+00
1.992311e+00
1.981785e+00
1.937763e+00
1.808606e+00
1.562938e+00
1.298753e+00
1.128118e+00
1.048393e+00
1.016930e+00
