1.000000e+00
1.000000e+00
1.000000e+00
1.000000e+00
1.000000e+00
1.000000e+00
1.000000e+00
1.000000e+00
1.000000e+00
1.000000e+00
1.000000e+00
1.000000e+00
1.000000e+00
1.000000e+00
1.000000e+00
1.000000e+00
1.000000e+00
1.000000e+00
1.000000e+00
1.000000e+00
1.000000e+00
1.000004e+00
1.000053e+00
1.000361e+00
1.001589e+00
1.005151e+00
1.013194e+00
1.028049e+00
1.051456e+00
1.084071e+00
1.125496e+00
1.174636e+00
1.230091e+00
1.290432e+00
1.354325e+00
1.420563e+00
1.488037e+00
1.555684e+00
1.622425e+00
1.687107e+00
1.748463e+00
1.805109e+00
1.855612e+00
1.898655e+00
1.933297e+00
1.959273e+00
1.977169e+00
1.988341e+00
1.994492e+00
1.996930e+00
1.995064e+00
1.982068e+00
1.932786e+00
1.791105e+00
1.533019e+00
1.271908e+00
1.112339e+00
1.040880e+00
1.013702e+00
1.004291e+00
1.001257e+00
