1.000000e+00
1.000000e+00
1.000000e+00
1.000000e+00
1.000000e+00
1.000000e+00
1.000000e+00
1.000000e+00
1.000000e+00
1.000000e+00
1.000000e+00
1.000000e+00
1.000000e+00
1.000000e+00
1.000000e+00
1.000000e+00
1.000000e+00
1.000000e+00
1.000000e+00
1.000000e+00
1.000000e+00
1.000000e+00
1.000002e+00
1.000015e+00
1.000087e+00
1.000373e+00
1.001262e+00
1.003503e+00
1.008236e+00
1.016822e+00
1.030522e+00
1.050178e+00
1.076069e+00
1.107952e+00
1.145226e+00
1.187111e+00
1.232786e+00
1.281468e+00
1.332450e+00
1.385097e+00
1.438839e+00
1.493149e+00
1.547517e+00
1.601424e+00
1.654321e+00
1.705607e+00
1.754613e+00
1.800602e+00
1.842788e+00
1.880391e+00
1.912724e+00
1.939311e+00
1.959977e+00
1.974764e+00
1.983327e+00
1.982647e+00
1.960006e+00
1.878391e+00
1.685166e+00
1.414436e+00
1.196426e+00
