1.000000e+00
1.000000e+00
1.000000e+00
1.000000e+00
1.000000e+00
1.000000e+00
1.000000e+00
1.000000e+00
1.000000e+00
1.000000e+00
1.000000e+00
1.000000e+00
1.000000e+00
1.000000e+00
1.000000e+00
1.000000e+00
1.000000e+00
1.000000e+00
1.000000e+00
1.000000e+00
1.000000e+00
1.000022e+00
1.000257e+00
1.001480e+00
1.005560e+00
1.015462e+00
1.034322e+00
1.064220e+00
1.105576e+00
1.157402e+00
1.217936e+00
1.285185e+00
1.357226e+00
1.432293e+00
1.508750e+00
1.585001e+00
1.659395e+00
1.730144e+00
1.795299e+00
1.852841e+00
1.900941e+00
1.938401e+00
1.965108e+00
1.982240e+00
1.991976e+00
1.996804e+00
1.998784e+00
1.998927e+00
1.995985e+00
1.981905e+00
1.928195e+00
1.773757e+00
1.502991e+00
1.245311e+00
1.096819e+00
1.033528e+00
1.010589e+00
1.003081e+00
1.000825e+00
1.000202e+00
1.000045e+00
