1.000000e+00
1.000000e+00
1.000000e+00
1.000000e+00
1.000000e+00
1.000000e+00
1.000000e+00
1.000000e+00
1.000000e+00
1.000000e+00
1.000000e+00
1.000000e+00
1.000000e+00
1.000000e+00
1.000000e+00
1.000000e+00
1.000000e+00
1.000000e+00
1.000000e+00
1.000000e+00
1.000000e+00
1.000918e+00
1.006912e+00
1.025650e+00
1.064094e+00
1.124446e+00
1.204244e+00
1.298721e+00
1.402641e+00
1.510946e+00
1.618669e+00
1.720617e+00
1.811259e+00
1.885281e+00
1.939085e+00
1.972635e+00
1.989937e+00
1.997073e+00
1.999355e+00
1.999899e+00
1.999990e+00
1.999998e+00
1.999957e+00
1.999466e+00
1.995656e+00
1.973872e+00
1.882783e+00
1.647094e+00
1.339230e+00
1.131376e+00
1.041363e+00
1.011151e+00
1.002601e+00
1.000521e+00
1.000089e+00
1.000013e+00
1.000001e+00
1.000000e+00
1.000000e+00
1.000000e+00
1.000000e+00
