1.000000e+00
1.000000e+00
1.000000e+00
1.000000e+00
1.000000e+00
1.000000e+00
1.000000e+00
1.000000e+00
1.000000e+00
1.000000e+00
1.000000e+00
1.000000e+00
1.000000e+00
1.000000e+00
1.000000e+00
1.000000e+00
1.000000e+00
1.000000e+00
1.000000e+00
1.000000e+00
1.000000e+00
1.000003e+00
1.000041e+00
1.000284e+00
1.001281e+00
1.004256e+00
1.011157e+00
1.024231e+00
1.045303e+00
1.075232e+00
1.113840e+00
1.160205e+00
1.213037e+00
1.270966e+00
1.332692e+00
1.397039e+00
1.462936e+00
1.529375e+00
1.595355e+00
1.659826e+00
1.721643e+00
1.779546e+00
1.832184e+00
1.878224e+00
1.916554e+00
1.946549e+00
1.968323e+00
1.982788e+00
1.991425e+00
1.995713e+00
1.995994e+00
1.988508e+00
1.956599e+00
1.854547e+00
1.631932e+00
1.354935e+00
1.156712e+00
1.059475e+00
1.020590e+00
1.006654e+00
1.002017e+00
