1.000000e+00
1.000000e+00
1.000000e+00
1.000000e+00
1.000000e+00
1.000000e+00
1.000000e+00
1.000000e+00
1.000000e+00
1.000000e+00
1.000000e+00
1.000000e+00
1.000000e+00
1.000000e+00
1.000000e+00
1.000000e+00
1.000000e+00
1.000000e+00
1.000000e+00
1.000000e+00
1.000000e+00
1.040704e+00
1.154298e+00
1.328627e+00
1.532235e+00
1.729486e+00
1.883044e+00
1.968218e+00
1.996094e+00
2.000000e+00
2.000000e+00
2.000000e+00
2.000000e+00
2.000000e+00
2.000000e+00
2.000000e+00
2.000000e+00
2.000000e+00
2.000000e+00
2.000000e+00
2.000000e+00
1.985888e+00
1.855371e+00
1.491437e+00
1.163346e+00
1.034583e+00
1.004818e+00
1.000403e+00
1.000015e+00
1.000000e+00
1.000000e+00
1.000000e+00
1.000000e+00
1.000000e+00
1.000000e+00
1.000000e+00
1.000000e+00
1.000000e+00
1.000000e+00
1.000000e+00
1.000000e+00
