1.000000e+00
1.000000e+00
1.000000e+00
1.000000e+00
1.000000e+00
1.000000e+00
1.000000e+00
1.000000e+00
1.000000e+00
1.000000e+00
1.000000e+00
1.000000e+00
1.000000e+00
1.000000e+00
1.000000e+00
1.000000e+00
1.000000e+00
1.000000e+00
1.000000e+00
1.000000e+00
1.000000e+00
1.000016e+00
1.000198e+00
1.001173e+00
1.004534e+00
1.012948e+00
1.029445e+00
1.056265e+00
1.094145e+00
1.142406e+00
1.199505e+00
1.263579e+00
1.332782e+00
1.405414e+00
1.479911e+00
1.554786e+00
1.628533e+00
1.699543e+00
1.766056e+00
1.826187e+00
1.878082e+00
1.920248e+00
1.951988e+00
1.973750e+00
1.987128e+00
1.994394e+00
1.997794e+00
1.998855e+00
1.997453e+00
1.988881e+00
1.954086e+00
1.842241e+00
1.604731e+00
1.325534e+00
1.137536e+00
1.049881e+00
1.016384e+00
1.004964e+00
1.001389e+00
1.000358e+00
1.000084e+00
