1.000000e+00
1.000000e+00
1.000000e+00
1.000000e+00
1.000000e+00
1.000000e+00
1.000000e+00
1.000000e+00
1.000000e+00
1.000000e+00
1.000000e+00
1.000000e+00
1.000000e+00
1.000000e+00
1.000000e+00
1.000000e+00
1.000000e+00
1.000000e+00
1.000000e+00
1.000000e+00
1.000000e+00
1.000218e+00
1.001992e+00
1.008901e+00
1.026247e+00
1.058526e+00
1.107328e+00
1.171342e+00
1.247626e+00
1.332769e+00
1.423469e+00
1.516622e+00
1.609182e+00
1.697971e+00
1.779551e+00
1.850372e+00
1.907326e+00
1.948729e+00
1.975217e+00
1.989756e+00
1.996454e+00
1.998995e+00
1.999771e+00
1.999937e+00
1.999761e+00
1.998298e+00
1.990109e+00
1.953004e+00
1.826738e+00
1.564327e+00
1.280768e+00
1.108372e+00
1.035445e+00
1.010257e+00
1.002651e+00
1.000609e+00
1.000124e+00
1.000022e+00
1.000003e+00
1.000000e+00
1.000000e+00
