1.000000e+00
1.000000e+00
1.000000e+00
1.000000e+00
1.000000e+00
1.000000e+00
1.000000e+00
1.000000e+00
1.000000e+00
1.000000e+00
1.000000e+00
1.000000e+00
1.000000e+00
1.000000e+00
1.000000e+00
1.000000e+00
1.000000e+00
1.000000e+00
1.000000e+00
1.000000e+00
1.000000e+00
1.000387e+00
1.003289e+00
1.013679e+00
1.037782e+00
1.079670e+00
1.139603e+00
1.214952e+00
1.301867e+00
1.396365e+00
1.494666e+00
1.593112e+00
1.687919e+00
1.775022e+00
1.850220e+00
1.909883e+00
1.952187e+00
1.978192e+00
1.991661e+00
1.997393e+00
1.999353e+00
1.999877e+00
1.999977e+00
1.999915e+00
1.999238e+00
1.994819e+00
1.972117e+00
1.882891e+00
1.656677e+00
1.355635e+00
1.144024e+00
1.047938e+00
1.013877e+00
1.003547e+00
1.000798e+00
1.000157e+00
1.000026e+00
1.000004e+00
1.000000e+00
1.000000e+00
1.000000e+00
