1.000000e+00
1.000000e+00
1.000000e+00
1.000000e+00
1.000000e+00
1.000000e+00
1.000000e+00
1.000000e+00
1.000000e+00
1.000000e+00
1.000000e+00
1.000000e+00
1.000000e+00
1.000000e+00
1.000000e+00
1.000000e+00
1.000000e+00
1.000000e+00
1.000000e+00
1.000000e+00
1.000000e+00
1.009272e+00
1.047281e+00
1.125594e+00
1.240350e+00
1.379626e+00
1.529813e+00
1.676964e+00
1.806362e+00
1.904202e+00
1.963608e+00
1.990290e+00
1.998400e+00
1.999878e+00
2.000000e+00
2.000000e+00
2.000000e+00
2.000000e+00
2.000000e+00
2.000000e+00
2.000000e+00
1.999553e+00
1.992506e+00
1.940324e+00
1.737694e+00
1.393423e+00
1.140231e+00
1.037029e+00
1.007622e+00
1.001214e+00
1.000144e+00
1.000012e+00
1.000001e+00
1.000000e+00
1.000000e+00
1.000000e+00
1.000000e+00
1.000000e+00
1.000000e+00
1.000000e+00
1.000000e+00
