1.000000e+00
1.000000e+00
1.000000e+00
1.000000e+00
1.000000e+00
1.000000e+00
1.000000e+00
1.000000e+00
1.000000e+00
1.000000e+00
1.000000e+00
1.000000e+00
1.000000e+00
1.000000e+00
1.000000e+00
1.000000e+00
1.000000e+00
1.000000e+00
1.000000e+00
1.000000e+00
1.000000e+00
1.000000e+00
1.000001e+00
1.000007e+00
1.000043e+00
1.000196e+00
1.000702e+00
1.002061e+00
1.005119e+00
1.011016e+00
1.020978e+00
1.036020e+00
1.056727e+00
1.083181e+00
1.115050e+00
1.151735e+00
1.192519e+00
1.236669e+00
1.283499e+00
1.332387e+00
1.382783e+00
1.434188e+00
1.486146e+00
1.538214e+00
1.589949e+00
1.640883e+00
1.690507e+00
1.738255e+00
1.783498e+00
1.825554e+00
1.863717e+00
1.897317e+00
1.925805e+00
1.948825e+00
1.966164e+00
1.977228e+00
1.978979e+00
1.959377e+00
1.883237e+00
1.697729e+00
1.429453e+00
