1.000000e+00
1.000000e+00
1.000000e+00
1.000000e+00
1.000000e+00
1.000000e+00
1.000000e+00
1.000000e+00
1.000000e+00
1.000000e+00
1.000000e+00
1.000000e+00
1.000000e+00
1.000000e+00
1.000000e+00
1.000000e+00
1.000000e+00
1.000000e+00
1.000000e+00
1.000000e+00
1.000000e+00
1.000163e+00
1.001547e+00
1.007159e+00
1.021797e+00
1.049984e+00
1.093818e+00
1.152597e+00
1.223832e+00
1.304400e+00
1.391192e+00
1.481302e+00
1.571946e+00
1.660281e+00
1.743257e+00
1.817611e+00
1.880169e+00
1.928558e+00
1.962137e+00
1.982523e+00
1.993111e+00
1.997725e+00
1.999383e+00
1.999854e+00
1.999849e+00
1.999029e+00
1.994183e+00
1.971121e+00
1.884402e+00
1.666952e+00
1.371561e+00
1.156142e+00
1.054323e+00
1.016618e+00
1.004557e+00
1.001120e+00
1.000245e+00
1.000047e+00
1.000008e+00
1.000001e+00
1.000000e+00
