1.000000e+00
1.000000e+00
1.000000e+00
1.000000e+00
1.000000e+00
1.000000e+00
1.000000e+00
1.000000e+00
1.000000e+00
1.000000e+00
1.000000e+00
1.000000e+00
1.000000e+00
1.000000e+00
1.000000e+00
1.000000e+00
1.000000e+00
1.000000e+00
1.000000e+00
1.000000e+00
1.000000e+00
1.000000e+00
1.000001e+00
1.000005e+00
1.000034e+00
1.000158e+00
1.000575e+00
1.001720e+00
1.004350e+00
1.009525e+00
1.018435e+00
1.032124e+00
1.051256e+00
1.076017e+00
1.106166e+00
1.141172e+00
1.180360e+00
1.223019e+00
1.268472e+00
1.316103e+00
1.365361e+00
1.415757e+00
1.466842e+00
1.518191e+00
1.569385e+00
1.619989e+00
1.669535e+00
1.717505e+00
1.763325e+00
1.806360e+00
1.845936e+00
1.881380e+00
1.912089e+00
1.937609e+00
1.957641e+00
1.971759e+00
1.978113e+00
1.968979e+00
1.919085e+00
1.776464e+00
1.525325e+00
