1.000000e+00
1.000000e+00
1.000000e+00
1.000000e+00
1.000000e+00
1.000000e+00
1.000000e+00
1.000000e+00
1.000000e+00
1.000000e+00
1.000000e+00
1.000000e+00
1.000000e+00
1.000000e+00
1.000000e+00
1.000000e+00
1.000000e+00
1.000000e+00
1.000000e+00
1.000000e+00
1.000000e+00
1.000029e+00
1.000333e+00
1.001863e+00
1.006804e+00
1.018419e+00
1.039909e+00
1.073133e+00
1.118164e+00
1.173697e+00
1.237760e+00
1.308235e+00
1.383120e+00
1.460576e+00
1.538871e+00
1.616279e+00
1.690971e+00
1.760954e+00
1.824092e+00
1.878291e+00
1.921889e+00
1.954174e+00
1.975781e+00
1.988627e+00
1.995310e+00
1.998295e+00
1.999271e+00
1.998583e+00
1.993405e+00
1.970737e+00
1.890086e+00
1.688758e+00
1.402669e+00
1.179506e+00
1.066748e+00
1.022125e+00
1.006709e+00
1.001869e+00
1.000476e+00
1.000110e+00
1.000023e+00
