1.000000e+00
1.000000e+00
1.000000e+00
1.000000e+00
1.000000e+00
1.000000e+00
1.000000e+00
1.000000e+00
1.000000e+00
1.000000e+00
1.000000e+00
1.000000e+00
1.000000e+00
1.000000e+00
1.000000e+00
1.000000e+00
1.000000e+00
1.000000e+00
1.000000e+00
1.000000e+00
1.000000e+00
1.006932e+00
1.037330e+00
1.103557e+00
1.204766e+00
1.331589e+00
1.472374e+00
1.615272e+00
1.747927e+00
1.857625e+00
1.934446e+00
1.977014e+00
1.994348e+00
1.999139e+00
1.999939e+00
2.000000e+00
2.000000e+00
2.000000e+00
2.000000e+00
2.000000e+00
2.000000e+00
1.999776e+00
1.996016e+00
1.965637e+00
1.825722e+00
1.513352e+00
1.212406e+00
1.063785e+00
1.015030e+00
1.002818e+00
1.000412e+00
1.000045e+00
1.000003e+00
1.000000e+00
1.000000e+00
1.000000e+00
1.000000e+00
1.000000e+00
1.000000e+00
1.000000e+00
1.000000e+00
