1.000000e+00
1.000000e+00
1.000000e+00
1.000000e+00
1.000000e+00
1.000000e+00
1.000000e+00
1.000000e+00
1.000000e+00
1.000000e+00
1.000000e+00
1.000000e+00
1.000000e+00
1.000000e+00
1.000000e+00
1.000000e+00
1.000000e+00
1.000000e+00
1.000000e+00
1.000000e+00
1.000000e+00
1.000000e+00
1.000003e+00
1.000025e+00
1.000138e+00
1.000569e+00
1.001850e+00
1.004942e+00
1.011191e+00
1.022068e+00
1.038780e+00
1.061982e+00
1.091704e+00
1.127479e+00
1.168542e+00
1.214014e+00
1.263024e+00
1.314765e+00
1.368515e+00
1.423625e+00
1.479501e+00
1.535576e+00
1.591280e+00
1.646015e+00
1.699129e+00
1.749896e+00
1.797519e+00
1.841145e+00
1.879930e+00
1.913135e+00
1.940267e+00
1.961191e+00
1.976116e+00
1.985159e+00
1.986722e+00
1.972307e+00
1.913621e+00
1.756104e+00
1.494871e+00
1.249469e+00
1.104390e+00
