1.000000e+00
1.000000e+00
1.000000e+00
1.000000e+00
1.000000e+00
1.000000e+00
1.000000e+00
1.000000e+00
1.000000e+00
1.000000e+00
1.000000e+00
1.000000e+00
1.000000e+00
1.000000e+00
1.000000e+00
1.000000e+00
1.000000e+00
1.000000e+00
1.000000e+00
1.000000e+00
1.000000e+00
1.002180e+00
1.014353e+00
1.047184e+00
1.106572e+00
1.191040e+00
1.294701e+00
1.410460e+00
1.531289e+00
1.650170e+00
1.759695e+00
1.852233e+00
1.921502e+00
1.965432e+00
1.987931e+00
1.996821e+00
1.999409e+00
1.999931e+00
1.999996e+00
2.000000e+00
2.000000e+00
1.999986e+00
1.999694e+00
1.996695e+00
1.976604e+00
1.884693e+00
1.638533e+00
1.322054e+00
1.117933e+00
1.034535e+00
1.008467e+00
1.001745e+00
1.000298e+00
1.000041e+00
1.000005e+00
1.000000e+00
1.000000e+00
1.000000e+00
1.000000e+00
1.000000e+00
1.000000e+00
