1.000000e+00
1.000000e+00
1.000000e+00
1.000000e+00
1.000000e+00
1.000000e+00
1.000000e+00
1.000000e+00
1.000000e+00
1.000000e+00
1.000000e+00
1.000000e+00
1.000000e+00
1.000000e+00
1.000000e+00
1.000000e+00
1.000000e+00
1.000000e+00
1.000000e+00
1.000000e+00
1.000000e+00
1.002909e+00
1.018261e+00
1.057579e+00
1.125761e+00
1.219677e+00
1.332164e+00
1.455233e+00
1.580997e+00
1.701370e+00
1.807793e+00
1.892124e+00
1.949430e+00
1.981135e+00
1.994691e+00
1.998948e+00
1.999870e+00
1.999992e+00
2.000000e+00
2.000000e+00
2.000000e+00
1.999972e+00
1.999416e+00
1.993991e+00
1.959900e+00
1.821793e+00
1.525550e+00
1.231531e+00
1.076124e+00
1.020294e+00
1.004501e+00
1.000825e+00
1.000122e+00
1.000014e+00
1.000001e+00
1.000000e+00
1.000000e+00
1.000000e+00
1.000000e+00
1.000000e+00
1.000000e+00
