1.000000e+00
1.000000e+00
1.000000e+00
1.000000e+00
1.000000e+00
1.000000e+00
1.000000e+00
1.000000e+00
1.000000e+00
1.000000e+00
1.000000e+00
1.000000e+00
1.000000e+00
1.000000e+00
1.000000e+00
1.000000e+00
1.000000e+00
1.000000e+00
1.000000e+00
1.000000e+00
1.000000e+00
1.000000e+00
1.000000e+00
1.000004e+00
1.000027e+00
1.000127e+00
1.000471e+00
1.001434e+00
1.003690e+00
1.008219e+00
1.016167e+00
1.028592e+00
1.046228e+00
1.069356e+00
1.097828e+00
1.131185e+00
1.168796e+00
1.209976e+00
1.254058e+00
1.300431e+00
1.348547e+00
1.397920e+00
1.448108e+00
1.498702e+00
1.549299e+00
1.599495e+00
1.648855e+00
1.696908e+00
1.743126e+00
1.786926e+00
1.827672e+00
1.864709e+00
1.897409e+00
1.925247e+00
1.947837e+00
1.964800e+00
1.974970e+00
1.973475e+00
1.943023e+00
1.839804e+00
1.621092e+00
