1.000000e+00
1.000000e+00
1.000000e+00
1.000000e+00
1.000000e+00
1.000000e+00
1.000000e+00
1.000000e+00
1.000000e+00
1.000000e+00
1.000000e+00
1.000000e+00
1.000000e+00
1.000000e+00
1.000000e+00
1.000000e+00
1.000000e+00
1.000000e+00
1.000000e+00
1.000000e+00
1.000000e+00
1.005187e+00
1.029447e+00
1.085286e+00
1.174282e+00
1.289370e+00
1.420552e+00
1.557567e+00
1.689959e+00
1.806681e+00
1.897295e+00
1.955974e+00
1.985706e+00
1.996745e+00
1.999539e+00
1.999969e+00
2.000000e+00
2.000000e+00
2.000000e+00
2.000000e+00
2.000000e+00
1.999888e+00
1.997893e+00
1.980566e+00
1.889583e+00
1.631533e+00
1.303623e+00
1.103310e+00
1.027402e+00
1.005880e+00
1.001013e+00
1.000137e+00
1.000014e+00
1.000001e+00
1.000000e+00
1.000000e+00
1.000000e+00
1.000000e+00
1.000000e+00
1.000000e+00
1.000000e+00
