1.000000e+00
1.000000e+00
1.000000e+00
1.000000e+00
1.000000e+00
1.000000e+00
1.000000e+00
1.000000e+00
1.000000e+00
1.000000e+00
1.000000e+00
1.000000e+00
1.000000e+00
1.000000e+00
1.000000e+00
1.000000e+00
1.000000e+00
1.000000e+00
1.000000e+00
1.000000e+00
1.000000e+00
1.000052e+00
1.000558e+00
1.002938e+00
1.010123e+00
1.025947e+00
1.053567e+00
1.094222e+00
1.147196e+00
1.210560e+00
1.281939e+00
1.358981e+00
1.439505e+00
1.521475e+00
1.602888e+00
1.681651e+00
1.755486e+00
1.821957e+00
1.878678e+00
1.923790e+00
1.956580e+00
1.977923e+00
1.990135e+00
1.996179e+00
1.998725e+00
1.999550e+00
1.999260e+00
1.996270e+00
1.982048e+00
1.926433e+00
1.765441e+00
1.487943e+00
1.231946e+00
1.089038e+00
1.029869e+00
1.009072e+00
1.002515e+00
1.000634e+00
1.000145e+00
1.000030e+00
1.000005e+00
