1.000000e+00
9.999999e-01
1.000001e+00
9.999858e-01
1.000116e+00
9.992381e-01
1.004044e+00
9.830777e-01
1.055254e+00
8.746480e-01
1.206381e+00
8.746883e-01
8.648254e-01
1.244727e+00
1.096176e+00
8.024930e-01
7.587831e-01
8.536626e-01
9.614898e-01
1.316924e+00
1.032487e+00
2.295089e+00
1.466602e+00
1.197187e+00
3.768814e+00
1.341466e+00
4.992422e-01
3.649171e+00
2.963410e+00
5.671407e-01
3.740041e-01
1.809264e+00
4.705371e+00
2.237680e+00
1.172174e+00
1.021459e+00
1.002600e+00
1.000292e+00
1.000029e+00
1.000002e+00
1.000000e+00
