1.000000e+00
9.997018e-01
1.001320e+00
9.948396e-01
1.017082e+00
9.540165e-01
1.102968e+00
8.421936e-01
1.177235e+00
9.608562e-01
8.163674e-01
1.234689e+00
1.067334e+00
7.355929e-01
9.039147e-01
1.323088e+00
1.060146e+00
1.042913e+00
4.958658e-01
1.005604e+00
1.322353e+00
2.024490e-01
9.466948e-01
3.529404e+00
1.020958e-01
6.051476e-02
6.041373e+00
6.695462e-01
1.718982e-02
1.412947e-01
6.297908e+00
1.489944e+00
1.826416e-01
1.011640e-01
5.644642e-02
1.356375e-01
6.033726e+00
4.531605e+00
1.367534e+00
1.031620e+00
1.000000e+00
