1.000000e+00
9.968885e-01
1.009727e+00
9.725854e-01
1.065694e+00
8.809782e-01
1.178987e+00
8.598202e-01
9.809418e-01
1.226942e+00
7.976226e-01
8.848241e-01
1.318539e+00
1.011900e+00
6.628555e-01
1.027166e+00
1.028883e+00
1.563491e+00
7.137416e-01
4.252137e-01
1.860718e+00
4.842249e-01
2.421297e-02
3.498527e+00
1.112005e+00
9.870082e-04
2.539347e-01
6.435759e+00
9.892526e-02
4.501256e-03
9.286719e-03
5.541660e+00
2.510589e+00
1.427287e-01
5.926207e-02
2.266387e-02
2.320516e-03
-1.272631e-02
2.346350e+00
9.148319e+00
1.000000e+00
