1.000000e+00
1.000000e+00
1.000000e+00
1.000000e+00
1.000000e+00
9.999954e-01
1.000062e+00
9.993858e-01
1.004420e+00
9.771706e-01
1.083312e+00
8.208714e-01
1.211580e+00
1.056074e+00
7.601798e-01
7.819964e-01
9.647188e-01
1.230692e+00
1.532588e+00
1.789938e+00
1.915964e+00
2.061550e+00
1.751113e+00
2.576052e+00
1.398993e+00
1.956203e+00
3.141107e+00
1.247363e+00
8.935410e-01
2.774066e+00
3.346826e+00
1.618397e+00
1.092937e+00
1.011589e+00
1.001206e+00
1.000100e+00
1.000006e+00
1.000000e+00
1.000000e+00
1.000000e+00
1.000000e+00
