1.000000e+00
9.940841e-01
1.016579e+00
9.579218e-01
1.091005e+00
8.571892e-01
1.180242e+00
9.082192e-01
8.921773e-01
1.271403e+00
8.762146e-01
7.790386e-01
1.254186e+00
1.181876e+00
6.710734e-01
9.436195e-01
8.825240e-01
1.654456e+00
9.437899e-01
3.172755e-01
1.793629e+00
7.317210e-01
1.051113e-02
2.424649e+00
2.201818e+00
1.304411e-03
8.946914e-03
6.454861e+00
3.246913e-01
4.651597e-03
1.499371e-03
1.808298e+00
6.108946e+00
2.830684e-01
6.138187e-02
2.299016e-02
2.340052e-03
-9.383064e-03
1.147970e-01
8.896992e+00
1.000000e+00
