1.000000e+00
1.000000e+00
1.000000e+00
9.999996e-01
1.000006e+00
9.999355e-01
1.000533e+00
9.966028e-01
1.016483e+00
9.419843e-01
1.148408e+00
8.000779e-01
1.078464e+00
1.215311e+00
8.640675e-01
7.458204e-01
8.325605e-01
1.008468e+00
1.235424e+00
1.526222e+00
1.638306e+00
2.224642e+00
1.409710e+00
2.662709e+00
2.064295e+00
9.221666e-01
2.978642e+00
2.856545e+00
7.768303e-01
7.257235e-01
3.012830e+00
3.600997e+00
1.615913e+00
1.087782e+00
1.011144e+00
1.001262e+00
1.000122e+00
1.000010e+00
1.000001e+00
1.000000e+00
1.000000e+00
