1.000000e+00
9.989508e-01
1.003883e+00
9.871628e-01
1.035993e+00
9.201822e-01
1.148187e+00
8.299054e-01
1.103830e+00
1.098838e+00
7.605325e-01
1.083154e+00
1.251790e+00
8.189785e-01
7.338097e-01
1.201511e+00
1.129789e+00
1.291669e+00
5.375280e-01
6.877737e-01
1.690813e+00
2.736717e-01
1.540064e-01
4.141589e+00
3.287982e-01
2.151551e-03
3.589067e+00
3.172071e+00
2.612585e-02
5.920976e-03
1.649035e+00
6.019285e+00
4.291914e-01
1.077430e-01
5.726454e-02
2.220979e-02
6.327629e-03
4.737514e+00
6.338742e+00
1.581700e+00
1.000000e+00
