1.000000e+00
9.999985e-01
1.000013e+00
9.999014e-01
1.000603e+00
9.969585e-01
1.012489e+00
9.597567e-01
1.102460e+00
8.315539e-01
1.181458e+00
1.003787e+00
7.740745e-01
1.098275e+00
1.253009e+00
9.285541e-01
7.602019e-01
8.062474e-01
8.001475e-01
1.312347e+00
7.416706e-01
1.685418e+00
2.265090e+00
5.343494e-01
2.398100e+00
3.649522e+00
3.817260e-01
5.552968e-01
5.163094e+00
1.756603e+00
3.404088e-01
2.600510e-01
1.529847e+00
5.261081e+00
2.446999e+00
1.184442e+00
1.021564e+00
1.002570e+00
1.000297e+00
1.000032e+00
1.000000e+00
