1.000000e+00
9.992958e-01
1.002762e+00
9.903548e-01
1.028547e+00
9.324358e-01
1.133679e+00
8.300584e-01
1.135154e+00
1.050813e+00
7.695257e-01
1.144306e+00
1.197044e+00
7.784284e-01
7.803064e-01
1.255131e+00
1.122069e+00
1.200085e+00
5.115520e-01
7.938542e-01
1.580569e+00
2.358565e-01
2.979207e-01
4.100355e+00
2.174707e-01
4.997746e-03
4.773436e+00
1.989930e+00
2.094389e-02
1.056014e-02
3.535414e+00
4.279094e+00
2.820310e-01
1.047912e-01
5.668418e-02
2.288301e-02
2.920459e-01
7.849551e+00
3.463730e+00
1.209282e+00
1.000000e+00
