1.000000e+00
1.000000e+00
1.000000e+00
9.999999e-01
1.000002e+00
9.999704e-01
1.000282e+00
9.979587e-01
1.011151e+00
9.557703e-01
1.126543e+00
8.004930e-01
1.130691e+00
1.170015e+00
8.209804e-01
7.501549e-01
8.672052e-01
1.069754e+00
1.325522e+00
1.613529e+00
1.758398e+00
2.159899e+00
1.518596e+00
2.733513e+00
1.725813e+00
1.164484e+00
3.390534e+00
2.136346e+00
6.935959e-01
1.176312e+00
3.758012e+00
2.762646e+00
1.330338e+00
1.045339e+00
1.005519e+00
1.000578e+00
1.000050e+00
1.000003e+00
1.000000e+00
1.000000e+00
1.000000e+00
