1.000000e+00
1.000000e+00
1.000000e+00
9.999971e-01
1.000030e+00
9.997525e-01
1.001608e+00
9.918220e-01
1.032143e+00
9.096171e-01
1.186220e+00
8.218315e-01
9.661476e-01
1.264682e+00
9.718497e-01
7.590110e-01
7.841977e-01
9.157559e-01
1.084454e+00
1.387797e+00
1.338489e+00
2.334764e+00
1.306428e+00
2.083949e+00
3.024921e+00
8.428039e-01
1.460637e+00
4.223156e+00
1.367383e+00
4.610365e-01
1.035706e+00
4.127442e+00
2.935753e+00
1.331107e+00
1.043464e+00
1.005374e+00
1.000606e+00
1.000059e+00
1.000005e+00
1.000000e+00
1.000000e+00
