1.000000e+00
1.000000e+00
1.000001e+00
9.999933e-01
1.000061e+00
9.995554e-01
1.002600e+00
9.880362e-01
1.042749e+00
8.920983e-01
1.199237e+00
8.444393e-01
9.126652e-01
1.263781e+00
1.033279e+00
7.768148e-01
7.688328e-01
8.813857e-01
1.020465e+00
1.343729e+00
1.180051e+00
2.344121e+00
1.347387e+00
1.636292e+00
3.494217e+00
1.007602e+00
8.434538e-01
4.272384e+00
2.010415e+00
4.801509e-01
5.610410e-01
3.147150e+00
3.961922e+00
1.645962e+00
1.085950e+00
1.010760e+00
1.001271e+00
1.000135e+00
1.000012e+00
1.000001e+00
1.000000e+00
