1.000000e+00
1.000000e+00
1.000000e+00
1.000000e+00
1.000000e+00
9.999996e-01
1.000009e+00
9.998685e-01
1.001354e+00
9.903651e-01
1.046913e+00
8.604329e-01
1.247293e+00
9.350059e-01
7.354679e-01
8.516599e-01
1.114753e+00
1.446150e+00
1.744991e+00
1.920128e+00
1.980956e+00
2.015359e+00
1.911952e+00
2.299690e+00
1.438749e+00
2.609243e+00
2.253025e+00
1.002056e+00
1.821343e+00
3.480552e+00
2.076308e+00
1.189147e+00
1.024492e+00
1.002526e+00
1.000199e+00
1.000011e+00
1.000000e+00
1.000000e+00
1.000000e+00
1.000000e+00
1.000000e+00
