1.000000e+00
1.000000e+00
1.000000e+00
1.000000e+00
1.000001e+00
9.999876e-01
1.000139e+00
9.988414e-01
1.007209e+00
9.675341e-01
1.104477e+00
8.077101e-01
1.175959e+00
1.115663e+00
7.862234e-01
7.620028e-01
9.106106e-01
1.143333e+00
1.425452e+00
1.704161e+00
1.850914e+00
2.104031e+00
1.638494e+00
2.689437e+00
1.507388e+00
1.530212e+00
3.419425e+00
1.597805e+00
7.230195e-01
1.923369e+00
3.830304e+00
2.074357e+00
1.175838e+00
1.023188e+00
1.002644e+00
1.000250e+00
1.000019e+00
1.000001e+00
1.000000e+00
1.000000e+00
1.000000e+00
