1.000000e+00
9.999311e-01
1.000371e+00
9.982603e-01
1.006896e+00
9.774546e-01
1.060844e+00
8.795282e-01
1.188531e+00
8.624711e-01
9.405926e-01
1.256903e+00
8.859834e-01
7.665581e-01
1.124633e+00
1.283545e+00
9.229534e-01
8.860918e-01
5.441220e-01
1.243674e+00
9.514548e-01
2.938561e-01
2.491173e+00
1.858552e+00
6.432598e-02
1.972458e+00
4.635321e+00
1.409910e-01
4.381740e-02
3.870656e+00
3.712465e+00
3.515096e-01
1.543489e-01
1.047224e-01
5.516300e-01
6.239631e+00
3.440342e+00
1.264788e+00
1.025544e+00
1.002748e+00
1.000000e+00
