1.000000e+00
1.000000e+00
1.000000e+00
1.000000e+00
1.000000e+00
1.000000e+00
1.000000e+00
1.000000e+00
1.000000e+00
1.000000e+00
1.000244e+00
9.928186e-01
1.074921e+00
7.215961e-01
1.115930e+00
1.659327e+00
1.939070e+00
1.996094e+00
2.000000e+00
2.000000e+00
2.000000e+00
2.000000e+00
2.000000e+00
2.000000e+00
1.996094e+00
2.061644e+00
1.663074e+00
2.787676e+00
1.857692e+00
1.124883e+00
1.008693e+00
1.000244e+00
1.000000e+00
1.000000e+00
1.000000e+00
1.000000e+00
1.000000e+00
1.000000e+00
1.000000e+00
1.000000e+00
1.000000e+00
