1.000000e+00
9.995368e-01
1.001929e+00
9.928795e-01
1.022272e+00
9.437744e-01
1.118385e+00
8.343751e-01
1.159773e+00
1.004199e+00
7.884239e-01
1.195956e+00
1.133922e+00
7.506191e-01
8.375341e-01
1.297249e+00
1.097274e+00
1.116475e+00
4.981784e-01
9.017140e-01
1.455110e+00
2.119555e-01
5.529934e-01
3.902021e+00
1.463657e-01
1.558802e-02
5.581450e+00
1.173730e+00
1.832489e-02
3.036566e-02
5.236199e+00
2.628870e+00
2.143478e-01
1.027598e-01
5.620318e-02
3.429460e-02
2.718218e+00
7.174773e+00
1.965828e+00
1.079014e+00
1.000000e+00
