1.000000e+00
1.000000e+00
1.000000e+00
1.000000e+00
1.000000e+00
9.999999e-01
1.000002e+00
9.999498e-01
1.000653e+00
9.943456e-01
1.032677e+00
8.840645e-01
1.246522e+00
8.791159e-01
7.379205e-01
9.057045e-01
1.215291e+00
1.567523e+00
1.834731e+00
1.958818e+00
1.992747e+00
2.006154e+00
1.956038e+00
2.186459e+00
1.541739e+00
2.720868e+00
1.869942e+00
1.081960e+00
2.460754e+00
3.160710e+00
1.651210e+00
1.101142e+00
1.011833e+00
1.001054e+00
1.000068e+00
1.000003e+00
1.000000e+00
1.000000e+00
1.000000e+00
1.000000e+00
1.000000e+00
