1.000000e+00
1.000000e+00
1.000000e+00
1.000000e+00
1.000000e+00
1.000000e+00
1.000001e+00
9.999842e-01
1.000276e+00
9.969718e-01
1.021350e+00
9.082423e-01
1.234313e+00
8.291086e-01
7.517972e-01
9.767738e-01
1.333871e+00
1.687967e+00
1.904707e+00
1.981873e+00
1.997771e+00
2.001993e+00
1.981147e+00
2.103384e+00
1.665181e+00
2.696438e+00
1.592701e+00
1.303881e+00
2.954300e+00
2.640361e+00
1.377703e+00
1.052167e+00
1.005326e+00
1.000391e+00
1.000019e+00
1.000001e+00
1.000000e+00
1.000000e+00
1.000000e+00
1.000000e+00
1.000000e+00
