1.000000e+00
1.000000e+00
1.000000e+00
1.000000e+00
1.000000e+00
1.000000e+00
1.000000e+00
1.000000e+00
1.000004e+00
9.998267e-01
1.003197e+00
9.700000e-01
1.148268e+00
7.292255e-01
8.902201e-01
1.326279e+00
1.743142e+00
1.945834e+00
1.994249e+00
1.999756e+00
2.000000e+00
2.000000e+00
1.999756e+00
2.005801e+00
1.944444e+00
2.273244e+00
1.403951e+00
2.471105e+00
2.657683e+00
1.433918e+00
1.055515e+00
1.004382e+00
1.000197e+00
1.000004e+00
1.000000e+00
1.000000e+00
1.000000e+00
1.000000e+00
1.000000e+00
1.000000e+00
1.000000e+00
