1.000000e+00
9.999775e-01
1.000140e+00
9.992489e-01
1.003395e+00
9.873006e-01
1.039050e+00
9.090215e-01
1.169107e+00
8.285975e-01
1.037068e+00
1.199235e+00
8.051509e-01
8.476017e-01
1.240372e+00
1.177580e+00
8.441225e-01
8.295128e-01
6.127156e-01
1.316323e+00
7.800767e-01
5.432855e-01
3.022197e+00
1.016614e+00
1.469717e-01
4.407425e+00
2.148505e+00
8.333107e-02
4.670708e-01
5.940827e+00
1.332041e+00
2.419663e-01
1.531849e-01
3.162687e-01
4.579971e+00
4.436620e+00
1.482557e+00
1.049463e+00
1.005403e+00
1.000628e+00
1.000000e+00
