1.000000e+00
9.956764e-01
1.012794e+00
9.657812e-01
1.077898e+00
8.685022e-01
1.182105e+00
8.811055e-01
9.359262e-01
1.255057e+00
8.317327e-01
8.272092e-01
1.297594e+00
1.094836e+00
6.615906e-01
9.801694e-01
9.599058e-01
1.625081e+00
8.152961e-01
3.642500e-01
1.846992e+00
5.953851e-01
1.508982e-02
3.022818e+00
1.598165e+00
1.092874e-03
4.968321e-02
6.560459e+00
1.784520e-01
4.551692e-03
2.858965e-03
3.808989e+00
4.204901e+00
1.864631e-01
6.015149e-02
2.282519e-02
2.330781e-03
-8.997457e-03
-3.405274e-01
1.068792e+01
1.000000e+00
