1.000000e+00
9.984659e-01
1.005362e+00
9.832006e-01
1.044667e+00
9.072773e-01
1.161143e+00
8.345069e-01
1.066723e+00
1.145992e+00
7.620236e-01
1.016641e+00
1.293127e+00
8.720054e-01
6.987214e-01
1.142040e+00
1.117057e+00
1.387294e+00
5.781043e-01
5.886238e-01
1.778335e+00
3.262442e-01
7.954592e-02
4.051099e+00
4.989281e-01
1.274722e-03
2.166935e+00
4.584809e+00
3.646565e-02
4.719825e-03
4.095039e-01
6.937108e+00
7.463392e-01
1.127520e-01
5.787679e-02
2.235120e-02
2.598042e-03
9.875266e-01
8.839228e+00
2.637236e+00
1.000000e+00
