1.000000e+00
1.000000e+00
1.000000e+00
1.000000e+00
1.000000e+00
1.000000e+00
1.000000e+00
9.999995e-01
1.000025e+00
9.994277e-01
1.006937e+00
9.524100e-01
1.182828e+00
7.527474e-01
8.237815e-01
1.184877e+00
1.608145e+00
1.884758e+00
1.980807e+00
1.998318e+00
1.999939e+00
2.000061e+00
1.998306e+00
2.019669e+00
1.879441e+00
2.426828e+00
1.369227e+00
2.083842e+00
3.002247e+00
1.721090e+00
1.112188e+00
1.011327e+00
1.000744e+00
1.000028e+00
1.000000e+00
1.000000e+00
1.000000e+00
1.000000e+00
1.000000e+00
1.000000e+00
1.000000e+00
