1.000000e+00
9.999968e-01
1.000026e+00
9.998276e-01
1.000972e+00
9.954773e-01
1.017197e+00
9.489629e-01
1.120127e+00
8.233425e-01
1.156022e+00
1.054903e+00
7.649320e-01
1.032524e+00
1.279591e+00
9.857538e-01
7.718241e-01
8.022216e-01
7.495283e-01
1.321939e+00
7.070836e-01
1.364468e+00
2.591000e+00
5.254652e-01
1.464288e+00
4.569372e+00
5.293692e-01
2.234120e-01
4.387787e+00
2.815546e+00
4.040888e-01
2.213867e-01
5.734955e-01
4.657929e+00
3.693941e+00
1.395485e+00
1.044789e+00
1.005236e+00
1.000615e+00
1.000069e+00
1.000000e+00
