1.000000e+00
9.998123e-01
1.000885e+00
9.963321e-01
1.012869e+00
9.630579e-01
1.087974e+00
8.528069e-01
1.187535e+00
9.221958e-01
8.521579e-01
1.258195e+00
1.001617e+00
7.333100e-01
9.767127e-01
1.329580e+00
1.015776e+00
9.801393e-01
5.034078e-01
1.099995e+00
1.189894e+00
2.094309e-01
1.456594e+00
3.009933e+00
7.590908e-02
2.501368e-01
6.140496e+00
3.792768e-01
1.791119e-02
7.014749e-01
6.406510e+00
8.370896e-01
1.672315e-01
9.990134e-02
6.611832e-02
1.270155e+00
7.211813e+00
2.576997e+00
1.143948e+00
1.013385e+00
1.000000e+00
