1.000000e+00
9.999936e-01
1.000047e+00
9.997094e-01
1.001516e+00
9.934582e-01
1.023112e+00
9.367534e-01
1.137716e+00
8.196483e-01
1.122561e+00
1.106473e+00
7.670717e-01
9.660996e-01
1.287072e+00
1.048320e+00
7.895310e-01
8.044574e-01
7.008354e-01
1.328953e+00
7.033246e-01
1.043150e+00
2.862732e+00
5.994712e-01
7.241075e-01
5.103371e+00
8.169464e-01
1.156599e-01
2.966071e+00
4.217582e+00
5.351226e-01
2.166986e-01
2.554534e-01
2.841077e+00
5.200351e+00
1.857591e+00
1.095755e+00
1.010786e+00
1.001261e+00
1.000146e+00
1.000000e+00
