1.000000e+00
1.000000e+00
1.000000e+00
1.000000e+00
1.000000e+00
9.999985e-01
1.000025e+00
9.997004e-01
1.002543e+00
9.847250e-01
1.063917e+00
8.388812e-01
1.235667e+00
9.948258e-01
7.431302e-01
8.112821e-01
1.031915e+00
1.332223e+00
1.641605e+00
1.863493e+00
1.957375e+00
2.032743e+00
1.843999e+00
2.435718e+00
1.383078e+00
2.343662e+00
2.705654e+00
1.056127e+00
1.257069e+00
3.369624e+00
2.671015e+00
1.345493e+00
1.048391e+00
1.005571e+00
1.000514e+00
1.000036e+00
1.000002e+00
1.000000e+00
1.000000e+00
1.000000e+00
1.000000e+00
