1.000000e+00
9.998848e-01
1.000580e+00
9.974461e-01
1.009514e+00
9.708631e-01
1.073830e+00
8.654902e-01
1.191066e+00
8.892011e-01
8.942177e-01
1.265483e+00
9.402880e-01
7.436908e-01
1.051955e+00
1.315903e+00
9.688073e-01
9.280517e-01
5.198010e-01
1.180350e+00
1.064418e+00
2.372992e-01
2.003932e+00
2.422354e+00
6.341009e-02
8.454459e-01
5.696500e+00
2.219111e-01
2.338937e-02
2.095647e+00
5.345553e+00
5.078486e-01
1.591104e-01
9.952185e-02
1.286051e-01
3.986569e+00
5.579737e+00
1.646564e+00
1.059136e+00
1.005950e+00
1.000000e+00
