1.000000e+00
1.000000e+00
1.000000e+00
1.000000e+00
1.000000e+00
1.000000e+00
1.000000e+00
9.999963e-01
1.000097e+00
9.985643e-01
1.012855e+00
9.314700e-01
1.212348e+00
7.865313e-01
7.792840e-01
1.068705e+00
1.467456e+00
1.796960e+00
1.952689e+00
1.993539e+00
1.999503e+00
2.000469e+00
1.993408e+00
2.049677e+00
1.783787e+00
2.581603e+00
1.427931e+00
1.658473e+00
3.138381e+00
2.127711e+00
1.210862e+00
1.025416e+00
1.002158e+00
1.000121e+00
1.000004e+00
1.000000e+00
1.000000e+00
1.000000e+00
1.000000e+00
1.000000e+00
1.000000e+00
