1.000000e+00
9.999600e-01
1.000231e+00
9.988424e-01
1.004893e+00
9.829003e-01
1.049217e+00
8.942434e-01
1.180860e+00
8.422734e-01
9.890208e-01
1.234000e+00
8.405406e-01
8.014900e-01
1.189210e+00
1.235907e+00
8.808489e-01
8.535072e-01
5.754310e-01
1.288785e+00
8.554553e-01
3.910215e-01
2.843386e+00
1.381989e+00
8.467754e-02
3.304724e+00
3.309797e+00
1.008455e-01
1.250876e-01
5.298497e+00
2.280931e+00
2.776217e-01
1.517622e-01
1.412619e-01
2.221085e+00
6.154377e+00
2.110264e+00
1.112058e+00
1.011540e+00
1.001303e+00
1.000000e+00
