1.000000e+00
1.000000e+00
1.000000e+00
1.000000e+00
1.000000e+00
1.000000e+00
1.000000e+00
1.000000e+00
1.000000e+00
9.999695e-01
1.001142e+00
9.835510e-01
1.111364e+00
7.178972e-01
9.851243e-01
1.488595e+00
1.857443e+00
1.980891e+00
1.999023e+00
2.000000e+00
2.000000e+00
2.000000e+00
2.000000e+00
2.000977e+00
1.980713e+00
2.147465e+00
1.512144e+00
2.719860e+00
2.243812e+00
1.244261e+00
1.024408e+00
1.001331e+00
1.000031e+00
1.000000e+00
1.000000e+00
1.000000e+00
1.000000e+00
1.000000e+00
1.000000e+00
1.000000e+00
1.000000e+00
