1.000000e+00
1.000000e+00
1.000000e+00
9.999988e-01
1.000014e+00
9.998695e-01
1.000950e+00
9.946159e-01
1.023423e+00
9.264503e-01
1.168779e+00
8.070730e-01
1.022488e+00
1.247881e+00
9.147764e-01
7.487578e-01
8.052267e-01
9.576835e-01
1.155468e+00
1.449361e+00
1.495278e+00
2.288210e+00
1.332517e+00
2.444838e+00
2.513419e+00
8.167690e-01
2.258415e+00
3.642742e+00
9.837411e-01
5.228839e-01
1.929991e+00
4.229784e+00
2.123555e+00
1.170014e+00
1.022080e+00
1.002642e+00
1.000279e+00
1.000025e+00
1.000002e+00
1.000000e+00
1.000000e+00
