1.000000e+00
9.977966e-01
1.007281e+00
9.783701e-01
1.054581e+00
8.940678e-01
1.171706e+00
8.443562e-01
1.025189e+00
1.189640e+00
7.743447e-01
9.491480e-01
1.316506e+00
9.367960e-01
6.751366e-01
1.082320e+00
1.082811e+00
1.480755e+00
6.358187e-01
5.003133e-01
1.836659e+00
3.955217e-01
4.250879e-02
3.838729e+00
7.514996e-01
1.008941e-03
9.254074e-01
5.805784e+00
5.734264e-02
4.499741e-03
5.464889e-02
6.645025e+00
1.383000e+00
1.224552e-01
5.853081e-02
2.250564e-02
2.284596e-03
-1.032743e-01
7.016458e+00
5.221473e+00
1.000000e+00
