1.000000e+00
9.999997e-01
1.000003e+00
9.999715e-01
1.000209e+00
9.987474e-01
1.006072e+00
9.767848e-01
1.069557e+00
8.581251e-01
1.206375e+00
9.120327e-01
8.248231e-01
1.208731e+00
1.156771e+00
8.363374e-01
7.539298e-01
8.320322e-01
9.058121e-01
1.305237e+00
9.062439e-01
2.170547e+00
1.667875e+00
8.526650e-01
3.700844e+00
1.889719e+00
3.552292e-01
2.525150e+00
4.105075e+00
7.507104e-01
3.159341e-01
8.296910e-01
4.453389e+00
3.225950e+00
1.350377e+00
1.043111e+00
1.005253e+00
1.000613e+00
1.000065e+00
1.000006e+00
1.000000e+00
