1.000000e+00
9.999878e-01
1.000082e+00
9.995258e-01
1.002298e+00
9.907764e-01
1.030364e+00
9.233339e-01
1.154370e+00
8.212009e-01
1.082314e+00
1.155641e+00
7.805313e-01
9.033031e-01
1.273844e+00
1.113518e+00
8.135981e-01
8.133764e-01
6.548873e-01
1.328539e+00
7.284512e-01
7.615770e-01
3.021498e+00
7.597266e-01
3.164441e-01
5.044147e+00
1.326283e+00
8.458895e-02
1.445247e+00
5.499172e+00
8.027429e-01
2.242741e-01
1.716526e-01
1.084973e+00
5.839660e+00
2.810674e+00
1.211741e+00
1.022726e+00
1.002593e+00
1.000303e+00
1.000000e+00
