1.000000e+00
9.999993e-01
1.000007e+00
9.999458e-01
1.000362e+00
9.980154e-01
1.008834e+00
9.690335e-01
1.085421e+00
8.434492e-01
1.198246e+00
9.555311e-01
7.942326e-01
1.158576e+00
1.210618e+00
8.784513e-01
7.543355e-01
8.162358e-01
8.522328e-01
1.305166e+00
8.082212e-01
1.963902e+00
1.942633e+00
6.359849e-01
3.221097e+00
2.680003e+00
3.270138e-01
1.341534e+00
5.015601e+00
1.106279e+00
3.128151e-01
4.005899e-01
3.119455e+00
4.477220e+00
1.718835e+00
1.088111e+00
1.010593e+00
1.001262e+00
1.000141e+00
1.000014e+00
1.000000e+00
